[1] "jaccard"
                    -1      0.1      0.2      0.3      0.4      0.5      0.6
n1            1360.160 1361.820 1361.020 1363.080 1360.740 1357.620 1349.060
ORmatched        0.774    0.790    0.784    0.792    0.774    0.794    0.796
ORlow_matched    0.377    0.384    0.382    0.387    0.379    0.386    0.388
ORupp_matched    1.593    1.629    1.611    1.626    1.586    1.637    1.638
coeff_matched   -0.330   -0.310   -0.321   -0.310   -0.325   -0.313   -0.313
se_matched       0.370    0.372    0.369    0.369    0.368    0.372    0.370
bias_matched    -1.170   -1.178   -1.242   -1.163   -1.193   -1.244   -1.204
inCI_matched     1.000    1.000    1.000    1.000    1.000    1.000    1.000
n0            2000.000 2000.000 2000.000 2000.000 2000.000 2000.000 2000.000
SMD             -0.042   -0.038   -0.040   -0.039   -0.041   -0.038   -0.039
                   0.7      0.8          0.9
n1            1275.840  944.860      362.800
ORmatched        0.829    0.788 32309498.662
ORlow_matched    0.389    0.326        0.217
ORupp_matched    1.775    1.925          Inf
coeff_matched   -0.293   -0.369       -0.213
se_matched       0.389    0.457      963.137
bias_matched    -1.163   -1.202       -1.074
inCI_matched     1.000    0.990        0.990
n0            2000.000 2000.000     2000.000
SMD             -0.034   -0.043        0.019
[1] "dice"
                    -1      0.1      0.2      0.3      0.4      0.5      0.6
n1            1359.500 1361.760 1361.160 1362.300 1361.620 1360.620 1361.420
ORmatched        0.767    0.791    0.783    0.784    0.801    0.779    0.798
ORlow_matched    0.375    0.384    0.381    0.382    0.389    0.378    0.387
ORupp_matched    1.573    1.638    1.613    1.610    1.655    1.609    1.653
coeff_matched   -0.339   -0.307   -0.315   -0.316   -0.323   -0.328   -0.300
se_matched       0.368    0.373    0.371    0.368    0.373    0.372    0.374
bias_matched    -1.170   -1.178   -1.242   -1.163   -1.193   -1.244   -1.204
inCI_matched     1.000    1.000    1.000    1.000    0.990    1.000    1.000
n0            2000.000 2000.000 2000.000 2000.000 2000.000 2000.000 2000.000
SMD             -0.043   -0.038   -0.040   -0.040   -0.039   -0.041   -0.037
                   0.7      0.8      0.9
n1            1356.720 1316.220  843.780
ORmatched        0.789    0.792    0.795
ORlow_matched    0.384    0.382    0.313
ORupp_matched    1.628    1.649    2.037
coeff_matched   -0.307   -0.306   -0.377
se_matched       0.371    0.375    0.483
bias_matched    -1.163   -1.202   -1.074
inCI_matched     1.000    1.000    1.000
n0            2000.000 2000.000 2000.000
SMD             -0.039   -0.039   -0.043
[1] "cosine"
                    -1      0.1      0.2      0.3      0.4      0.5      0.6
n1            1358.840 1361.560 1360.900 1359.560 1360.180 1360.580 1360.500
ORmatched        0.830    0.795    0.783    0.792    0.824    0.793    0.758
ORlow_matched    0.400    0.387    0.383    0.386    0.400    0.385    0.372
ORupp_matched    1.730    1.634    1.604    1.631    1.701    1.636    1.548
coeff_matched   -0.280   -0.311   -0.333   -0.314   -0.279   -0.329   -0.344
se_matched       0.371    0.370    0.370    0.369    0.371    0.371    0.367
bias_matched    -1.170   -1.178   -1.242   -1.163   -1.193   -1.244   -1.204
inCI_matched     1.000    1.000    1.000    1.000    1.000    1.000    1.000
n0            2000.000 2000.000 2000.000 2000.000 2000.000 2000.000 2000.000
SMD             -0.035   -0.039   -0.041   -0.039   -0.034   -0.040   -0.044
                   0.7      0.8      0.9
n1            1359.960 1344.620  973.000
ORmatched        0.782    0.777    0.819
ORlow_matched    0.381    0.378    0.351
ORupp_matched    1.614    1.602    1.920
coeff_matched   -0.334   -0.322   -0.296
se_matched       0.372    0.370    0.441
bias_matched    -1.163   -1.202   -1.074
inCI_matched     1.000    1.000    1.000
n0            2000.000 2000.000 2000.000
SMD             -0.041   -0.041   -0.035
[1] "pearson"
                    -1      0.1      0.2      0.3      0.4      0.5      0.6
n1            1342.700 1343.020 1343.380 1342.500 1342.800 1342.680 1341.680
ORmatched        0.788    0.802    0.789    0.787    0.765    0.795    0.793
ORlow_matched    0.384    0.388    0.385    0.382    0.373    0.386    0.384
ORupp_matched    1.620    1.667    1.623    1.627    1.572    1.644    1.639
coeff_matched   -0.318   -0.310   -0.319   -0.323   -0.338   -0.324   -0.312
se_matched       0.369    0.373    0.369    0.372    0.368    0.373    0.372
bias_matched    -1.170   -1.178   -1.242   -1.163   -1.193   -1.244   -1.204
inCI_matched     1.000    0.980    1.000    1.000    1.000    0.990    1.000
n0            2000.000 2000.000 2000.000 2000.000 2000.000 2000.000 2000.000
SMD             -0.040   -0.038   -0.040   -0.040   -0.044   -0.039   -0.039
                   0.7      0.8      0.9
n1            1335.900 1280.800  915.320
ORmatched        0.792    0.812    0.844
ORlow_matched    0.383    0.386    0.355
ORupp_matched    1.642    1.713    2.021
coeff_matched   -0.312   -0.305   -0.286
se_matched       0.374    0.381    0.448
bias_matched    -1.163   -1.202   -1.074
inCI_matched     0.990    0.980    0.980
n0            2000.000 2000.000 2000.000
SMD             -0.039   -0.037   -0.033
[1] "spearman"
                    -1      0.1      0.2      0.3      0.4      0.5      0.6
n1            1318.820 1319.120 1319.720 1320.440 1320.000 1318.640 1320.020
ORmatched        0.828    0.803    0.781    0.838    0.786    0.780    0.789
ORlow_matched    0.395    0.382    0.376    0.400    0.380    0.376    0.382
ORupp_matched    1.741    1.697    1.633    1.763    1.627    1.624    1.637
coeff_matched   -0.281   -0.317   -0.332   -0.277   -0.307   -0.328   -0.313
se_matched       0.377    0.376    0.377    0.378    0.372    0.376    0.373
bias_matched    -1.170   -1.178   -1.242   -1.163   -1.193   -1.244   -1.204
inCI_matched     0.990    0.990    0.990    1.000    1.000    1.000    1.000
n0            2000.000 2000.000 2000.000 2000.000 2000.000 2000.000 2000.000
SMD             -0.035   -0.040   -0.041   -0.033   -0.039   -0.041   -0.040
                   0.7      0.8      0.9
n1            1313.780 1261.720 1006.060
ORmatched        0.808    0.834    0.851
ORlow_matched    0.388    0.393    0.361
ORupp_matched    1.685    1.778    2.023
coeff_matched   -0.295   -0.278   -0.280
se_matched       0.377    0.384    0.438
bias_matched    -1.163   -1.202   -1.074
inCI_matched     1.000    1.000    0.980
n0            2000.000 2000.000 2000.000
SMD             -0.036   -0.034   -0.033
