[1] "jaccard"
                     0      0.1      0.2      0.3          0.4 0.5 0.6
n1            1602.800 1602.500 1601.320 1505.360      128.124 NaN NaN
ORmatched        1.623    1.619    1.614    1.649 66617522.701 NaN NaN
ORlow_matched    1.041    1.039    1.038    1.040        0.342 NaN NaN
ORupp_matched    2.533    2.525    2.512    2.617          Inf NaN NaN
coeff_matched    0.449    0.450    0.450    0.470        1.115 NaN NaN
se_matched       0.225    0.224    0.224    0.234     1116.580 NaN NaN
bias_matched     1.831    1.800    1.802    1.838        2.532 NaN NaN
inCI_matched     0.970    1.000    1.000    1.000        1.000 NaN NaN
n0            2000.000 2000.000 2000.000 2000.000     2000.000 NaN NaN
SMD              0.115    0.115    0.116    0.119          Inf NaN NaN
[1] "dice"
                     0      0.1      0.2      0.3      0.4      0.5
n1            1601.220 1600.780 1602.460 1601.560 1601.400 1085.860
ORmatched        1.616    1.580    1.613    1.590    1.631    1.630
ORlow_matched    1.039    1.014    1.036    1.023    1.047    0.948
ORupp_matched    2.517    2.465    2.516    2.472    2.542    2.809
coeff_matched    0.447    0.426    0.445    0.436    0.461    0.446
se_matched       0.224    0.225    0.224    0.224    0.224    0.274
bias_matched     1.831    1.800    1.802    1.838    2.532      NaN
inCI_matched     1.000    1.000    1.000    1.000    1.000    0.960
n0            2000.000 2000.000 2000.000 2000.000 2000.000 2000.000
SMD              0.115    0.109    0.114    0.112    0.118    0.115
                       0.6
n1            3.160000e+01
ORmatched     8.077374e+08
ORlow_matched 4.100000e-02
ORupp_matched          Inf
coeff_matched 6.430000e+00
se_matched    2.408224e+04
bias_matched           NaN
inCI_matched  1.000000e+00
n0            2.000000e+03
SMD                    Inf
[1] "cosine"
                     0      0.1      0.2      0.3      0.4      0.5
n1            1606.180 1602.580 1602.260 1601.380 1601.520 1121.100
ORmatched        1.616    1.617    1.578    1.611    1.643    1.658
ORlow_matched    1.037    1.039    1.015    1.032    1.054    0.973
ORupp_matched    2.521    2.518    2.455    2.517    2.565    2.830
coeff_matched    0.447    0.452    0.427    0.442    0.466    0.470
se_matched       0.225    0.224    0.224    0.225    0.225    0.270
bias_matched     1.831    1.800    1.802    1.838    2.532      NaN
inCI_matched     0.990    1.000    1.000    0.990    1.000    1.000
n0            2000.000 2000.000 2000.000 2000.000 2000.000 2000.000
SMD              0.114    0.115    0.109    0.113    0.119    0.120
                       0.6
n1            3.360000e+01
ORmatched     6.461899e+08
ORlow_matched 4.200000e-02
ORupp_matched          Inf
coeff_matched 4.200000e+00
se_matched    2.241751e+04
bias_matched           NaN
inCI_matched  1.000000e+00
n0            2.000000e+03
SMD           2.740000e-01
[1] "pearson"
                     0      0.1      0.2      0.3      0.4          0.5 0.6
n1            1580.460 1580.020 1581.800 1580.480 1361.920      220.980 NaN
ORmatched        1.626    1.585    1.582    1.626    1.621 16154751.034 NaN
ORlow_matched    1.044    1.015    1.013    1.038    1.003        0.509 NaN
ORupp_matched    2.534    2.478    2.471    2.548    2.624          Inf NaN
coeff_matched    0.457    0.431    0.430    0.456    0.452        0.725 NaN
se_matched       0.225    0.226    0.226    0.228    0.244      134.657 NaN
bias_matched     1.831    1.800    1.802    1.838    2.532          NaN NaN
inCI_matched     1.000    1.000    1.000    0.990    1.000        0.990 NaN
n0            2000.000 2000.000 2000.000 2000.000 2000.000     2000.000 NaN
SMD              0.118    0.110    0.110    0.116    0.116        0.156 NaN
[1] "spearman"
                     0      0.1      0.2      0.3      0.4          0.5 0.6
n1            1554.180 1551.360 1555.380 1548.380 1069.020 1.024440e+02 NaN
ORmatched        1.602    1.619    1.634    1.604    1.641 2.121331e+08 NaN
ORlow_matched    1.021    1.033    1.041    1.025    0.951 2.400000e-01 NaN
ORupp_matched    2.516    2.541    2.569    2.511    2.839          Inf NaN
coeff_matched    0.440    0.451    0.460    0.443    0.450 1.393000e+00 NaN
se_matched       0.228    0.228    0.229    0.227    0.275 5.491864e+03 NaN
bias_matched     1.831    1.800    1.802    1.838    2.532          NaN NaN
inCI_matched     1.000    0.990    1.000    1.000    1.000 1.000000e+00 NaN
n0            2000.000 2000.000 2000.000 2000.000 2000.000 2.000000e+03 NaN
SMD              0.112    0.116    0.117    0.114    0.116          Inf NaN
